任务编号	参与者人数   参与的任务
798470	     29	         rsrq
A= [-10,-9,-10,-9,-9,-9,-8,-8,-7,-7,-8,-7,-9,-8,-8,-9,-9,-9,-8,-9,-8,-9,
    -10,-10,-11,-10,-10,-10,-11];
R=[0.21, 0.91, 0.44, 0.6, 0.91, 0.85, 0.29, 0.21, 0.17,
   0.25, 0.42, 0.26, 0.59, 0.48, 0.99, 0.89, 0.51, 0.69,
   0.94, 0.57, 0.24, 0.95, 0.27, 0.49, 0.22, 0.23,
   0.45, 0.71,0.13];
A= [25,25,25,25,23,24,24,26,22,22,18,21,21,11,14,14,13,15,19,20,21,13,
    19,14,6,9,6,10,1];
A= [-71,-72,-73,-76,-76,-78,-76,-77,-75,-74,-75,-73,-74,-77,-81,-76,-78,
    -78,-79,-81,-81,-81,-82,-84,-86,-85,-85,-87,-96];

任务编号	参与者人数
710664	44
A= [-10,-12,-10,-10,-9,-9,-9,-9,-9,-10,-9,-8,-8,-10,-9,-9,-10,-10,-10,
    -10,-10,-10,-9,-10,-10,-9,-10,-9,-9,-11,-12,-10,-9,-12,-10,-10,-10,
    -9,-9,-9,-12,-11,-12,-14]
R=[0.91, 0.11, 0.68, 0.6, 0.91,  0.85, 0.79, 0.61, 0.67,0.85,  0.42, 0.26, 0.29, 0.48, 0.99, 
   0.89, 0.51, 0.69, 0.94, 0.57,    0.64, 0.95, 0.27, 0.49, 0.52,    0.63, 0.45, 0.71,0.63,0.21,
   0.17,0.47,0.46,0.28,0.66,   0.62,0.81,0.55,0.99,0.83,   0.03,0.47,0.28,0.1];
A= [8,5,7,8,8,8,8,9,8,9,9,9,10,10,11,11,9,11,11,11,11,10,12,14,18,
    13,12,15,15,13,16,15,16,17,18,20,22,22,20,15,7,10,3,-6];
A= [-88,-98,-80,-76,-75,-73,-73,-73,-74,-72,-74,-72,-72,-71,-72,-76,-72,
    -72,-78,-74,-71,-70,-71,-66,-69,-67,-66,-68,-67,-68,-64,-68,-68,-70,
    -70,-65,-64,-63,-64,-69,-78,-77,-81,-79];

任务编号	参与者人数
710663	2
A= [-17,-18]
R=[0.91, 0.21];
A= [6,-12]
A= [-81,-79]

任务编号	参与者人数
710662	42
A= [-15, -13, -15, -13, -12, 
    -11, -12, -10, -12, -13, 
    -12, -11, -10, -10, -12, 
    -11, -11, -10, -10, -10, 
    -11, -10, -11, -10, -12, 
    -11, -11, -11, -11, -11, 
    -10, -12, -11, -11, -10, 
    -11, -11, -10, -11, -12, -12, -11]
R=[0.14, 0.48, 0.23, 0.55, 0.99, 
   0.6,  0.64, 0.39, 0.51, 0.44,
   0.78, 0.98, 0.26, 0.77, 0.48,
   0.46, 0.55, 0.36, 0.57, 0.67,
   0.85, 0.68, 0.57, 0.55, 0.82, 
   0.58, 0.78, 0.8,  0.67, 0.59,
   0.99, 0.24, 0.64, 0.29, 0.61,
   0.31, 0.59, 0.26, 0.9,  0.7,  0.26, 0.25];
A= [-2, 1, -2, 5, 6, 8, 12, 9, 11, 8, 9, 10, 8, 10,9,10,9,10,9,10,
    9,10,10,9,9,14,8,19,9,9,10,9,9,9,9,9,8,9,9,8,6,8]

任务编号	参与者人数
706824	42
R=[0.79, 0.35, 0.7,  0.69, 0.52, 0.58, 0.4,  1. ,  0.37, 0.9,  0.29, 0.48,
   0.57, 0.74,0.62, 0.87, 0.52, 0.96, 0.52, 0.5,  0.23, 0.49, 0.56,  0.57,
   0.24, 0.79, 0.92, 0.37,0.9,  0.26, 0.84, 0.06];

任务编号	参与者人数
706822	6
R=[0.99, 0.33, 0.81, 0.2,  0.73, 0.38];

任务编号	参与者人数
706823	39
R=[0.76, 0.64, 0.73, 0.76, 0.48, 0.57, 0.44, 0.48, 0.64, 0.64, 0.52,
   0.79, 0.31, 0.39, 0.68, 0.97, 0.98, 0.62, 0.62, 0.66, 0.63, 0.83, 
   0.39, 0.22, 0.91, 0.24, 0.68, 0.83, 0.21, 0.41, 0.92, 0.18, 0.82,
   0.52, 0.41, 0.34, 0.22, 0.28, 0.14];

任务编号	参与者人数
1323015	12
R=[0.25, 0.99, 0.65, 0.61, 0.89, 0.28, 0.04, 0.45,  0.48, 0.27, 0.56,  0.08];

任务编号	参与者人数
1577480	120
R=[1. ,  0.88, 0.86, 0.73, 0.61, 0.66, 0.71, 0.73, 0.79, 0.76, 0.91, 0.79,
   0.97, 0.74, 0.83, 0.88, 0.3,  0.35, 0.88, 0.76, 0.28, 0.7,  0.99, 0.42,
   0.42, 0.75, 0.48, 0.19, 0.48, 0.37, 0.69, 0.6,  0.84, 0.42, 0.95, 0.43,
   0.59, 0.38 ,0.77, 1. ,  0.62, 0.84, 0.85, 0.59, 0.23, 0.67, 0.59, 0.15,
   0.79, 0.56, 0.35, 0.51, 0.52, 0.81, 0.75, 0.8,  0.74, 0.88, 0.36, 0.38,
   0.36, 0.78, 0.99, 0.71, 0.94, 0.58, 0.93, 0.68, 0.41, 0.31, 0.67, 0.69,
   0.5,  0.65, 0.66, 0.67, 0.86, 0.24, 0.17, 0.84, 0.88, 0.75, 0.12, 0.29,
   0.28, 0.3,  0.23, 0.35, 0.81, 0.12, 0.61, 0.65, 0.78, 0.74, 0.18, 0.57,
   0.84, 0.51, 0.38, 0.8 , 0.85, 0.22, 0.62, 0.59, 0.83, 0.88, 1. ,  0.88,
   0.29, 0.11, 0.41, 0.78, 0.68, 0.29, 0.17, 0.95, 0.38, 0.31, 0.23, 0.18]

任务编号	参与者人数
1577478	204
R=[0.63, 0.57, 0.39, 0.8,  0.78, 0.24, 0.74, 0.89, 0.8,  0.99, 0.44, 0.89, 
   0.65, 0.51, 0.39, 0.98, 0.62, 0.71, 0.55, 0.49, 0.88, 0.52, 0.48, 0.51,
   0.58, 0.91, 0.74, 0.74, 0.91, 0.83, 0.91, 0.35, 0.86, 0.73, 0.67, 0.52,
   0.39, 0.66, 0.45, 0.64, 0.64, 0.32, 0.55, 0.41, 0.85, 0.95, 0.56, 0.72,
   0.4,  0.71, 0.81, 0.75, 0.74, 0.92, 0.66, 0.34, 0.58, 0.28, 0.61, 0.62,
   0.81, 0.77, 0.98, 0.73, 0.93, 0.25, 0.57, 0.46, 0.28, 0.49, 0.03, 0.31,
   0.48, 0.41, 0.21, 0.46, 0.74, 0.59, 0.46, 0.43, 0.54, 0.28, 0.54, 0.92,
   0.71, 0.53, 1.,   0.23, 0.86, 0.8,  0.93, 0.63, 0.77, 0.77, 0.25, 0.5,
   0.45, 0.29, 0.69, 0.47, 0.41, 0.59, 0.58, 0.74, 0.38, 0.53, 0.61, 0.37,
   0.3,  0.89, 0.34, 0.79, 0.87, 0.4,  0.4,  0.99, 0.83, 0.79, 0.67, 0.5,
   0.57, 0.77, 0.53, 0.34, 0.56, 0.22, 0.41, 0.78, 0.67, 0.88, 0.22, 0.62,
   0.02, 0.97, 0.61, 0.72, 0.69, 0.64, 0.57, 0.22, 0.4,  0.71, 0.31, 0.38,
   0.63, 0.17, 0.1,  0.3,  0.76, 0.62, 0.58, 0.51, 0.5,  0.13, 0.25, 0.35,
   0.21, 0.22, 0.16, 0.36, 0.39, 0.41, 0.35, 0.45, 0.01, 0.39, 0.47, 0.33,
   0.1,  0.18, 0.59, 0.36, 0.22, 0.59, 0.19, 0.89, 0.87, 0.15, 0.6,  0.06,
   0.28, 0.11, 0.22, 0.06, 0.22, 0.18, 0.26, 0.14, 0.1,  0.18, 0.37, 0.25,
   0.21, 0.75, 0.97, 0.72, 0.47, 0.27, 0.32, 0.12, 0.27, 0.7,  0.75, 0.48];

任务编号	参与者人数
706056	61
R=[0.78, 0.22, 0.5,  0.98, 0.64, 0.52, 0.52, 0.65, 0.44, 0.27, 0.62, 0.23,
   0.87, 0.76, 0.9,  0.24, 0.09, 0.75, 0.28, 0.87, 0.66, 0.29, 0.9,  0.89,
   0.03, 0.98, 0.67, 0.35, 0.66, 0.29, 0.57, 0.63, 0.78, 0.56, 0.51, 0.15,
   0.52, 0.91, 0.25, 0.65, 0.15, 0.18, 0.11, 0.02, 0.36, 0.09, 0.08, 0.56,
   0.21, 0.04, 0.67, 0.57, 0.73, 0.81, 0.67, 0.19, 0.77, 0.77, 0.23, 0.16,
   0.05];


任务编号	参与者人数
706056	121
R = [0.14, 0.29, 0.22, 0.26, 0.7, 0.32, 0.49, 0.87, 0.88, 0.77, 0.77, 0.54,
     0.41, 0.75, 0.83, 0.93, 0.66, 0.78, 0.54, 0.56, 0.09, 0.89, 0.9, 0.27,
     0.78, 0.94, 0.66, 0.84, 0.81, 0.51, 0.29, 0.91, 0.23, 0.54, 0.62,0.82,
     0.55, 0.96, 0.65, 0.94, 0.36, 0.67, 0.56, 0.4,  0.74, 0.65, 0.67,0.51,
     0.89, 0.22, 0.38, 0.54, 0.9,  0.5,  0.37, 0.27, 0.46, 0.61, 0.89, 0.7,
     0.85, 0.75, 0.95, 0.22, 0.39, 0.43, 0.42, 0.39, 0.63, 0.68, 0.69,0.99,
     0.79, 0.76, 0.52, 0.86, 0.74, 0.76, 0.93, 0.58, 0.21, 0.73, 0.48,0.38,
     0.4, 0.33, 0.59, 0.67, 0.89, 0.51, 0.72, 0.78, 0.79, 0.9,  0.38,0.36,
     0.6, 0.74, 0.99, 0.4,  0.48, 0.38, 0.91, 0.36, 0.48, 0.28, 0.2, 0.61,
     0.81,0.96, 0.55, 0.64, 0.59, 0.35, 0.71, 0.43, 0.04, 0.38, 0.69, 0.57,
     0.17]; 

任务编号	参与者人数
706054	74
R = [0.19, 0.92, 0.37, 0.73, 0.89, 0.18, 0.21, 0.09, 0.05, 0.08, 0.24,0.25,
     0.86, 0.94, 0.26, 0.89, 0.85, 0.83, 0.11, 0.39, 0.69, 0.72, 0.7, 0.82,
     0.27, 0.87, 0.68, 0.56, 0.8, 0.71, 0.91, 0.54, 0.31, 0.65, 0.67, 0.65,
     0.47, 0.95, 0.38, 0.63, 0.7, 0.79, 0.65, 0.9,  0.27, 0.74, 0.78, 0.55,
     0.55, 0.5, 0.43, 0.57, 0.33, 0.61, 0.89, 0.17, 0.41, 0.35, 0.17, 0.74,
     0.1,  0.29, 0.04, 0.15, 0.21, 0.06, 0.13, 0.23, 0.19, 0.08, 0.18,
     0.19, 0.22, 0.15]; 

任务编号	参与者人数
758792	109
R = [0.89, 0.78, 0.8, 0.69, 0.32, 0.88, 0.96, 0.63, 0.84, 0.87, 0.82, 0.86,
     0.66, 0.67, 0.35,0.26, 0.26, 0.41, 0.73, 0.35, 0.97, 0.89, 0.73, 0.73,
     0.61, 0.67, 0.87, 0.65, 0.75, 0.9,  0.72, 0.16, 0.63, 0.26, 0.88, 0.93,
     0.68, 0.55, 0.87, 0.83, 0.74, 0.25,0.74, 0.83, 0.78, 0.52, 0.46, 0.08,
     0.98, 0.75, 0.73, 0.55, 0.69, 0.36, 0.49, 0.86,0.69, 0.8,  0.07, 0.55,
     0.64, 0.5,  0.79, 0.34, 0.64, 0.69, 0.8,  0.33, 0.61,0.88, 0.89, 0.66,
     0.57, 0.8,  0.41, 0.49, 0.87, 0.79, 0.87, 0.49, 0.82,0.81, 0.44, 0.97,
     0.23, 0.74, 0.66, 0.75, 0.97, 0.54, 0.57, 0.68, 0.61,0.36, 0.9,  0.57,
     0.26, 0.67, 0.32, 0.79, 0.9,  0.51, 0.58, 0.5,  0.79,0.84, 0.57, 0.16,
     0.09];

任务编号	参与者人数
758790	27
R=[0.57, 0.8, 0.9, 0.95, 0.97, 0.56, 0.94, 0.35, 0.99, 0.91, 0.4,  0.29,
   0.73, 0.77, 0.66, 0.58, 0.29, 0.9, 0.92, 0.37, 0.67, 0.88, 0.87, 0.6,
   0.24, 0.77, 0.66];

任务编号	参与者人数
754184	66
R = [0.83, 0.85, 0.28, 0.49, 0.66, 0.12, 0.35, 0.86, 0.6, 0.77, 0.87, 0.92,
     0.84, 0.41, 0.27, 0.93, 0.75, 0.66, 0.77, 0.88, 0.69,0.35, 0.29, 0.66,
     0.82, 0.84, 0.96, 0.8, 0.53, 0.35, 0.34, 0.24, 1. ,  0.4, 0.26, 0.23,
     0.28, 0.82, 0.33, 0.82, 0.48, 0.34,0.77, 0.67, 0.16, 0.26, 0.27,0.88,
     0.34, 0.78, 0.95, 0.61, 0.85, 0.8,  0.82, 0.8,0.85, 0.87, 0.75, 0.86,
     0.2, 0.31, 0.39, 0.21, 0.06, 0.7]; 

任务编号	参与者人数
754182	112
R = [0.31, 0.49, 0.72, 0.83, 0.98, 0.89, 0.29, 0.47, 0.45, 0.85, 0.61,
     0.83, 0.71, 0.82, 0.58, 0.81, 0.4,  0.85, 0.71, 0.84, 0.73, 0.64,
     0.64, 0.99, 0.62, 0.43, 0.74, 0.83, 0.97, 0.82, 0.76, 0.84, 0.53,
     0.7,  0.76, 0.89, 0.72, 0.26, 0.84, 0.92, 0.78, 0.86, 0.82, 0.67,
     0.36, 0.29, 0.59, 0.49, 0.66, 0.74, 0.57, 0.44, 0.87, 0.68, 0.6,
     0.53, 0.38, 0.42, 0.84, 0.86, 0.74, 0.85, 0.71, 0.85, 0.71, 0.6,
     0.54, 0.26, 0.46, 1., 0.69, 0.94, 0.91, 0.7,  0.51, 0.22, 0.35,
     0.7,  0.75, 0.3,  0.9,  0.63, 0.33, 0.72, 0.75, 0.83, 0.49, 0.9,
     0.58, 0.43, 0.51, 0.73, 0.22, 0.24, 0.83, 0.83, 0.81, 0.32, 0.44,
     0.45, 0.89, 0.51, 0.51, 0.92, 0.59, 0.57, 0.25, 0.28, 0.19, 0.23,
     0.01, 0.05]

任务编号	参与者人数
421638	14
R = [0.09, 0.75, 0.77, 0.3,  0.71, 0.77, 0.31, 0.95, 0.56, 0.72, 0.48,
     0.78, 0.62, 0.76];

任务编号	参与者人数
803848	36
R = [0.48, 0.55, 0.44, 0.46, 0.5,  0.28, 0.95, 0.2,  0.77, 0.5,  0.85,
     0.28, 0.43, 0.85, 0.84, 0.92, 0.51, 0.59, 0.57, 0.35, 0.45, 0.83,
     0.42, 0.86, 0.89, 0.36, 0.63, 0.61, 0.82, 0.77, 0.71, 0.51, 0.55,
     0.05, 0.,   0.17];

任务编号	参与者人数
803847	10
R = [0.33, 0.95, 0.64, 0.55, 0.73, 0.85, 0.19, 0.74, 0.1,  0.72]; 

任务编号	参与者人数
803846	63
R = [0.99, 0.44, 0.31, 0.2,  0.38, 0.83, 0.75, 0.58, 0.4,  0.77, 0.75,
     0.87, 0.56, 0.4, 0.52, 0.65, 0.63, 0.7,  0.45, 0.98, 0.81, 0.8,
     0.47, 0.85, 0.82, 0.2,  0.97, 0.29, 0.66, 0.29, 0.62, 0.55, 0.85,
     0.87, 0.78, 0.41, 0.77, 0.84, 0.42, 0.64, 0.89, 0.64, 0.31, 0.95,
     0.5,  0.92, 0.35, 0.92, 0.99, 0.8,  0.98, 0.66, 0.69, 0.51, 0.75,
     0.54, 0.29, 0.94, 0.61, 0.74, 0.69, 0.07, 0.04];
